pan,5,1
pan,20240511220419619647,5,1
pan,20240511220933817557,11,2
pan,20240511221104744165,10,2
pan,20240511221151269974,5,1
pan,20240511221300578134,6,1
pan,20240511221454365797,5,1
pan,20240511222334050574,5,1
pan,20240511222401079227,15,3
pan,20240511222604859822,5,1
pan,20240511222728205375,10,2
pan,20240511222809728833,10,2
pan,20240511223215296651,12,2
pan,20240511223325075435,10,2
pan,20240511223336313958,11,2
panget,20240511223514951986,6,1
gian,20240512004310971546,6,1
gian,20240512004348502446,10,2
francine,20240512005116749531,6,1
